0.08094620704650879
0.1626894474029541
0.24521732330322266
0.3266110420227051
0.4081439971923828
0.490358829498291
0.5726287364959717
0.6541948318481445
0.735724687576294
0.8181354999542236
0.9003455638885498
0.9824512004852295
1.0643196105957031
1.146092176437378
1.2277400493621826
1.3094747066497803
1.3912112712860107
1.4729316234588623
1.5552341938018799
1.6369907855987549
1.7186615467071533
1.800560474395752
1.8822963237762451
1.9642143249511719
2.0461292266845703
2.127866268157959
2.209479570388794
2.291165351867676
2.372830390930176
2.454496383666992
2.5375289916992188
2.6189937591552734
2.700572967529297
2.7829575538635254
2.864429235458374
2.9459731578826904
3.027503728866577
3.109332799911499
3.190734624862671
3.2724454402923584
3.3539748191833496
3.435621976852417
3.517220973968506
3.5987486839294434
3.680138111114502
3.7615582942962646
3.8432676792144775
3.9253089427948
4.007157564163208
4.089462518692017
4.171255826950073
4.253104209899902
4.334716796875
4.416870832443237
4.498476505279541
4.580087661743164
4.6620032787323
4.743843078613281
4.825768709182739
4.907933473587036
4.9898247718811035
5.072173118591309
5.154071092605591
5.235704183578491
5.318114757537842
5.399927377700806
5.482035398483276
5.564018964767456
5.646055221557617
5.7277727127075195
5.8093695640563965
5.890969514846802
5.972548723220825
6.054437875747681
6.135950326919556
6.217531681060791
6.299172401428223
6.380744457244873
6.46224308013916
6.543896675109863
6.625666856765747
6.707754850387573
6.789649963378906
6.8714094161987305
6.953172206878662
7.0350141525268555
7.11715030670166
7.198964357376099
7.280561447143555
7.36243748664856
7.444214582443237
7.525932312011719
7.607861518859863
7.689601421356201
7.771100997924805
7.852831125259399
7.934649229049683
8.016657590866089
8.098306655883789
8.180163145065308
8.261729955673218
8.343270540237427
8.42476201057434
8.506463050842285
8.588335990905762
8.670044660568237
8.75170373916626
8.834660530090332
8.916424989700317
8.9980788230896
9.079765319824219
9.161707639694214
9.243218898773193
9.324835062026978
9.406409978866577
9.488309621810913
9.570137023925781
9.651642799377441
9.733387470245361
9.815153360366821
9.897115468978882
9.978713035583496
10.060172319412231
10.141663074493408
10.223215818405151
10.304951190948486
10.386656284332275
10.467940092086792
10.549450874328613
10.631011962890625
10.712610006332397
10.79405927658081
10.875488519668579
10.956863641738892
11.038673162460327
11.120396375656128
11.202183246612549
11.283492803573608
11.3649001121521
11.446461915969849
11.528062582015991
11.60995602607727
11.691534996032715
11.773232698440552
11.85498309135437
11.936843395233154
12.018686771392822
12.10084867477417
12.182374000549316
12.263849020004272
12.345362901687622
12.426893472671509
12.508518934249878
12.590171098709106
12.671712636947632
12.753624677658081
12.835153102874756
12.916684627532959
12.998461246490479
13.08000659942627
13.161877393722534
13.243877172470093
13.325320959091187
13.406814575195312
13.48848295211792
13.570430517196655
13.652217388153076
13.733980655670166
13.815880060195923
13.897525310516357
13.979190587997437
14.060641050338745
14.14230751991272
14.223906517028809
14.306049823760986
14.38785719871521
14.469602584838867
14.551489353179932
14.63371992111206
14.715310335159302
14.796921014785767
14.878453493118286
14.95984172821045
15.041224479675293
15.122910261154175
15.204564809799194
15.286335229873657
15.3678879737854
15.449399709701538
15.530970573425293
15.61259126663208
15.694103002548218
15.775535821914673
15.857362985610962
15.939150094985962
16.020712852478027
16.10248851776123
16.183809280395508
16.26526165008545
16.346758604049683
16.428493976593018
16.510048627853394
16.592002868652344
16.673970699310303
16.75566864013672
16.837347507476807
16.919157028198242
17.000593662261963
17.082237720489502
17.163883924484253
17.24530577659607
17.32667064666748
17.40824055671692
17.491061210632324
17.572860717773438
17.654586791992188
17.736010789871216
17.81781816482544
17.8994197845459
17.980929136276245
18.062532663345337
18.144116401672363
18.22551941871643
18.30722427368164
18.388901710510254
18.47070050239563
18.55215811729431
18.633799076080322
18.71529531478882
18.796849727630615
18.87854814529419
18.960279941558838
19.042094707489014
19.123957872390747
19.20553421974182
19.28723907470703
19.368743896484375
19.450209617614746
19.531867265701294
19.61336064338684
19.694981813430786
19.776478052139282
19.858043909072876
19.939555644989014
20.02107334136963
20.1029634475708
20.184572458267212
20.266313314437866
20.347739458084106
20.429215908050537
20.510791063308716
20.592834949493408
20.674655437469482
20.756359815597534
20.837878704071045
20.919315099716187
21.0007586479187
21.082407474517822
21.163970947265625
21.245604276657104
21.327311754226685
21.409247636795044
21.491288900375366
21.57291340827942
21.654508113861084
21.736215829849243
21.818039894104004
21.89963150024414
21.98145604133606
22.062974214553833
22.14459729194641
22.22631525993347
22.30800724029541
22.389590978622437
22.471270084381104
22.55272126197815
22.63460636138916
22.71615242958069
22.797630786895752
22.87917399406433
22.96059274673462
23.042421102523804
23.124242782592773
23.205986499786377
23.28782296180725
23.369318962097168
23.45082664489746
23.532281160354614
23.614161252975464
23.69562840461731
23.777072191238403
23.859131336212158
23.941102266311646
24.022801876068115
24.104413747787476
24.185808181762695
24.267330169677734
24.348899364471436
24.43054962158203
24.51197600364685
24.593525648117065
24.6753568649292
24.756822109222412
24.838611602783203
24.92010259628296
25.001762628555298
25.083929777145386
25.165454387664795
25.246731996536255
25.328208923339844
25.409639596939087
25.491585969924927
25.57311224937439
25.654643535614014
25.73605751991272
25.817594051361084
25.899203777313232
25.98076319694519
26.062323570251465
26.14407444000244
26.225929498672485
26.308011531829834
26.389655113220215
26.471253871917725
26.55266284942627
26.6342134475708
26.715866327285767
26.79753804206848
26.879125118255615
26.960453271865845
27.04176092147827
27.12336277961731
27.20526361465454
27.286781311035156
27.368271112442017
27.449806213378906
27.531325578689575
27.612894296646118
27.69423198699951
27.775721311569214
27.85730814933777
27.938976287841797
28.021108627319336
28.10294270515442
28.18444538116455
28.265896797180176
28.347474336624146
28.42890977859497
28.510464668273926
28.592594385147095
28.67414355278015
28.755550861358643
28.837050676345825
28.91902995109558
29.000470876693726
29.08174777030945
29.16323161125183
29.244627237319946
29.326068878173828
29.407559633255005
29.489223957061768
29.570728540420532
29.65251111984253
29.73379898071289
29.815309762954712
29.896814107894897
29.978370904922485
30.05992817878723
30.14186406135559
30.223394632339478
30.30497670173645
30.38667345046997
30.468758583068848
30.550246238708496
30.63182759284973
30.713240146636963
30.79476237297058
30.87624955177307
30.957767009735107
31.039188623428345
31.120713472366333
31.202558994293213
31.284186363220215
31.365585803985596
31.44754695892334
31.52895736694336
31.61058807373047
31.692079782485962
31.7735755443573
31.855170249938965
31.93704128265381
32.018845558166504
32.10039210319519
32.18196225166321
32.26353049278259
32.345006465911865
32.42643475532532
32.507954359054565
32.589797258377075
32.67129302024841
32.75278902053833
32.83480405807495
32.916977405548096
32.99838733673096
33.07983374595642
33.1615355014801
33.24319577217102
33.32461738586426
33.40625500679016
33.48798060417175
33.569369077682495
33.6511025428772
33.73285746574402
33.81438684463501
33.896220684051514
33.978278398513794
34.05997943878174
34.14169669151306
34.22316789627075
34.304555892944336
34.38613533973694
34.46785306930542
34.54943585395813
34.631166219711304
34.71266984939575
34.7942168712616
34.87571358680725
34.95743727684021
35.03901982307434
35.12048554420471
35.201921224594116
35.283998012542725
35.36563038825989
35.44703674316406
35.52897882461548
35.61072278022766
35.692280530929565
35.773664712905884
35.855207681655884
35.93701124191284
36.01853394508362
36.10052037239075
36.18225955963135
36.26394295692444
36.34539294242859
36.426939249038696
36.50871706008911
36.59049916267395
36.67207074165344
36.75361514091492
36.8351104259491
36.916783809661865
36.99858331680298
37.0801203250885
37.16174936294556
37.243266344070435
37.32491731643677
37.40654158592224
37.48830604553223
37.56982350349426
37.65148949623108
37.73306751251221
37.81501817703247
37.896551847457886
37.97814202308655
38.059683084487915
38.14131164550781
38.22291564941406
38.304543018341064
38.38612151145935
38.46747446060181
38.54912543296814
38.63084888458252
38.71250534057617
38.793975591659546
38.87596154212952
38.95768165588379
39.03939723968506
39.12114906311035
39.20282483100891
39.28453516960144
39.36605095863342
39.44798398017883
39.52925515174866
39.61086320877075
39.692187786102295
39.773585081100464
39.85509133338928
39.936912536621094
40.01853704452515
40.10004425048828
40.181891441345215
40.26361846923828
40.34506678581238
40.426559925079346
40.50802135467529
40.58973288536072
40.671212673187256
40.75301718711853
40.83485555648804
40.916266202926636
40.99780797958374
41.079827547073364
41.16134214401245
41.24265646934509
41.32441306114197
41.40615439414978
41.48794937133789
41.56954479217529
41.65156006813049
41.73312735557556
41.81477618217468
41.89665603637695
41.97806096076965
42.05943727493286
42.14117121696472
42.22269797325134
42.30431580543518
42.385791540145874
42.467405557632446
42.54889917373657
42.63078045845032
42.712679624557495
42.79433488845825
42.875760078430176
42.95733594894409
43.03891372680664
43.120808124542236
43.20220637321472
43.283554553985596
43.36502933502197
43.44673013687134
43.52886343002319
43.61056351661682
43.692140102386475
43.77361845970154
43.855104207992554
43.936787843704224
44.01856088638306
44.10056495666504
44.18225908279419
44.26378870010376
44.34536910057068
44.42687726020813
44.50832438468933
44.59000539779663
44.67157530784607
44.75331258773804
44.834715843200684
44.916258573532104
44.998149394989014
45.080010175704956
45.16181826591492
45.24371337890625
45.325403928756714
45.406890630722046
45.48830604553223
45.57025599479675
45.652156352996826
45.733604431152344
45.81514573097229
45.896910429000854
45.978296995162964
46.06011176109314
46.14162015914917
46.22316122055054
46.30507183074951
46.38665771484375
46.468085289001465
46.54973530769348
46.63128423690796
46.71300768852234
46.79444193840027
46.87659740447998
46.95831751823425
47.040090560913086
47.121644735336304
47.20329141616821
47.28476357460022
47.36627435684204
47.447795152664185
47.52925992012024
47.610732555389404
47.692652225494385
47.774433612823486
47.856186866760254
47.93778395652771
48.01966571807861
48.10128974914551
48.18294310569763
48.26450562477112
48.34647274017334
48.428601026535034
48.51043343544006
48.592336893081665
48.6741988658905
48.75569462776184
48.83743643760681
48.919177532196045
49.0008020401001
49.08233976364136
49.16387128829956
49.24543023109436
49.32738924026489
49.408849239349365
49.4904100894928
49.57183027267456
49.65335559844971
49.73507571220398
49.81682252883911
49.898463010787964
49.98007130622864
50.06162166595459
50.14347457885742
50.22571420669556
50.30721092224121
50.38897109031677
50.47048735618591
50.552181243896484
50.633673667907715
50.71520709991455
50.797035694122314
50.87865090370178
50.96009635925293
51.04174470901489
51.123814821243286
51.20573973655701
51.287269830703735
51.3688588142395
51.45046663284302
51.53224182128906
51.613852739334106
51.69526124000549
51.77675795555115
51.85822367668152
51.941203117370605
52.02269268035889
52.10477352142334
52.18618845939636
52.267597913742065
52.34920692443848
52.430765867233276
52.512375354766846
52.593995571136475
52.675724029541016
52.7575740814209
52.83931231498718
52.9206964969635
53.002310037612915
53.08387875556946
53.16545581817627
53.247034788131714
53.32865500450134
53.410149335861206
53.49187469482422
53.57374620437622
53.65576148033142
53.73730707168579
53.81892538070679
53.90057039260864
53.98226714134216
54.063899993896484
54.145469427108765
54.22699570655823
54.3086462020874
54.39037251472473
54.472012758255005
54.55339503288269
54.634827613830566
54.71635675430298
54.79796314239502
54.879780530929565
54.96140789985657
55.04336357116699
55.1249315738678
55.206759214401245
55.288620710372925
55.37042760848999
55.451961040496826
55.53363513946533
55.615352630615234
55.696659088134766
55.77814841270447
55.859657526016235
55.94127893447876
56.022990226745605
56.10495328903198
56.186705589294434
56.26822113990784
56.34985876083374
56.43127155303955
56.51281523704529
56.594651222229004
56.675976276397705
56.757320404052734
56.838966846466064
56.920818567276
57.00265431404114
57.08416485786438
57.16567635536194
57.24709391593933
57.32888126373291
57.410393953323364
57.49179458618164
57.57334280014038
57.65476322174072
57.736512899398804
57.8180410861969
57.8992702960968
57.980660915374756
58.06218481063843
58.143730878829956
58.22509431838989
58.30664396286011
58.3882532119751
58.4698965549469
58.551809787750244
58.63373398780823
58.71530222892761
58.796767473220825
58.878660678863525
58.96066474914551
59.04213356971741
59.12377214431763
59.20535326004028
59.286760091781616
59.36853528022766
59.45020318031311
59.53179335594177
59.6135048866272
59.69483160972595
59.77622127532959
59.85756039619446
59.93892312049866
60.020838022232056
60.10295391082764
60.18457579612732
60.26641631126404
60.3478467464447
60.42937159538269
60.510987758636475
60.592588901519775
60.674264669418335
60.755943775177
60.837388038635254
60.91889429092407
61.001166582107544
61.082844734191895
61.16463327407837
61.2461838722229
61.327704191207886
61.409141063690186
61.49059200286865
61.57216024398804
61.6537606716156
61.735350370407104
61.81720304489136
61.89901041984558
61.980769872665405
62.06222414970398
62.14393973350525
62.22547674179077
62.307032346725464
62.38853430747986
62.47004008293152
62.55153727531433
62.63313937187195
62.714860677719116
62.79658079147339
62.87816286087036
62.95978260040283
63.041226863861084
63.12324905395508
63.2047860622406
63.286497592926025
63.36798548698425
63.449538230895996
63.53122067451477
63.61304712295532
63.69451117515564
63.77591061592102
63.857473850250244
63.939377784729004
64.02107691764832
64.10274648666382
64.18425679206848
64.26567077636719
64.34742879867554
64.42888116836548
64.51034045219421
64.59195041656494
64.67380332946777
64.75531792640686
64.83691930770874
64.91847944259644
65.0001003742218
65.08159184455872
65.1635193824768
65.2453682422638
65.32696318626404
65.40846157073975
65.49007272720337
65.5721423625946
65.65354037284851
65.73517990112305
65.81660556793213
65.89824891090393
65.97999405860901
66.06188321113586
66.14382934570312
66.2253167629242
66.30682420730591
66.38824605941772
66.46988844871521
66.55128860473633
66.63308191299438
66.71468997001648
66.79637050628662
66.87819719314575
66.96008133888245
67.04172706604004
67.12356472015381
67.20498657226562
67.28643822669983
67.3680808544159
67.44951891899109
67.53101992607117
67.61280870437622
67.69429659843445
67.77607679367065
67.85772824287415
67.93949365615845
68.02109789848328
68.10278606414795
68.18433332443237
68.26612377166748
68.34755039215088
68.42915391921997
68.5105357170105
68.59217882156372
68.67399978637695
68.75560975074768
68.83730745315552
68.91926336288452
69.00093340873718
69.08257555961609
69.16413235664368
69.24581742286682
69.32722425460815
69.40868282318115
69.4906702041626
69.57223296165466
69.6539876461029
69.73570895195007
69.81732773780823
69.89889526367188
69.9804937839508
70.0622627735138
70.14371848106384
70.22519016265869
70.30709290504456
70.38865303993225
70.47024416923523
70.55186820030212
70.63345241546631
70.7148060798645
70.79627060890198
70.87791061401367
70.95941352844238
71.0409026145935
71.12270927429199
71.20460867881775
71.28633785247803
71.36776208877563
71.44930934906006
71.53098225593567
71.6126697063446
71.69404983520508
71.77537727355957
71.85684537887573
71.93851733207703
72.02022194862366
72.1020770072937
72.18337535858154
72.26481413841248
72.34640049934387
72.42802309989929
72.50971293449402
72.59165501594543
72.6735520362854
72.75512290000916
72.83693981170654
72.9188985824585
73.00080561637878
73.08242797851562
73.1640694141388
73.24568557739258
73.32713270187378
73.40883564949036
73.49038648605347
73.57202386856079
73.65340924263
73.73486971855164
73.81660461425781
73.89859056472778
73.98008847236633
74.06166481971741
74.14341020584106
74.22481489181519
74.30621981620789
74.38773155212402
74.46935033798218
74.55081915855408
74.63257360458374
74.714426279068
74.79594683647156
74.8779354095459
74.9593894481659
75.04099106788635
75.12265372276306
75.20441937446594
75.28587245941162
75.36780738830566
75.44952464103699
75.53096580505371
75.61320734024048
75.69471025466919
75.77631211280823
75.85804533958435
75.93958854675293
76.02092933654785
76.10275053977966
76.18444442749023
76.2661681175232
76.34804010391235
76.42969679832458
76.51128101348877
76.59290719032288
76.67429113388062
76.75592613220215
76.83742380142212
76.91902542114258
77.00048398971558
77.0822160243988
77.16410803794861
77.24585938453674
77.3277633190155
77.40920400619507
77.49055647850037
77.57201528549194
77.65352463722229
77.7349681854248
77.81655526161194
77.8981945514679
77.97969937324524
78.06177949905396
78.14361357688904
78.22524857521057
78.30664229393005
78.38808536529541
78.46959781646729
78.55091071128845
78.63273787498474
78.71414184570312
78.79590249061584
78.8780734539032
78.9599757194519
79.04173421859741
79.12380290031433
79.20554113388062
79.28715801239014
79.36873412132263
79.45213222503662
79.53380537033081
79.61557459831238
79.69712567329407
79.77878713607788
79.86048936843872
79.94196248054504
80.02340602874756
80.10502886772156
80.18653655052185
80.26826238632202
80.34999060630798
80.43165230751038
80.51306939125061
80.59474396705627
80.67626643180847
80.75782608985901
80.83935546875
80.92126774787903
81.00303411483765
81.08456945419312
81.16616106033325
81.24778819084167
81.32913875579834
81.41073536872864
81.49230360984802
81.57370376586914
81.65539169311523
81.73716950416565
81.81877589225769
81.90030932426453
81.98219037055969
82.06408739089966
82.14581084251404
82.22719955444336
82.30869889259338
82.3900728225708
82.47124814987183
82.55236792564392
82.63381028175354
82.7149567604065
82.79615950584412
82.87748289108276
82.95901203155518
83.04039764404297
83.12212538719177
83.20370078086853
83.28520011901855
83.36665630340576
83.448068857193
83.52945637702942
83.61105227470398
83.69237232208252
83.77378845214844
83.85549807548523
83.93719244003296
84.01862215995789
84.10002255439758
84.18113732337952
84.26229786872864
84.3434247970581
84.42458724975586
84.50586128234863
84.5871696472168
84.66849827766418
84.74999713897705
84.83140540122986
84.91281628608704
84.99441766738892
85.07600712776184
85.15746188163757
85.23901677131653
85.32053589820862
85.40199518203735
85.48379826545715
85.56541562080383
85.64736032485962
85.7288556098938
85.81022834777832
85.89177441596985
85.97332191467285
86.05485725402832
86.13659906387329
86.21807718276978
86.29945731163025
86.38085055351257
86.46225070953369
86.54373693466187
86.62531852722168
86.70669627189636
86.78807282447815
86.86963486671448
86.95105028152466
87.03246736526489
87.11408257484436
87.19558191299438
87.27710580825806
87.35870909690857
87.44052624702454
87.52227354049683
87.60390663146973
87.685133934021
87.7663209438324
87.8474771976471
87.9287097454071
88.00992345809937
88.09124207496643
88.17259931564331
88.25403237342834
88.3355393409729
88.41700530052185
88.4983856678009
88.57993960380554
88.66154527664185
88.74293804168701
88.82435870170593
88.90618896484375
88.98792815208435
89.06941246986389
89.15087676048279
89.23226499557495
89.31362223625183
89.39518141746521
89.47673892974854
89.55819511413574
89.6398389339447
89.72126913070679
89.80282759666443
89.88432884216309
89.96567440032959
90.04724645614624
90.12904357910156
90.21053671836853
90.29204893112183
90.37358927726746
90.4552366733551
90.53665351867676
90.61845302581787
90.69983625411987
90.78129887580872
90.86265277862549
90.94417452812195
91.02569961547852
91.10743522644043
91.18898177146912
91.27039885520935
91.35176944732666
91.43336153030396
91.51506733894348
91.59677839279175
91.67852902412415
91.75987362861633
91.84106874465942
91.92220830917358
92.00337052345276
92.0848114490509
92.16601991653442
92.2472357749939
92.32846188545227
92.40961194038391
92.49107217788696
92.57243084907532
92.65400242805481
92.73547625541687
92.81696343421936
92.89860320091248
92.97996091842651
93.06140232086182
93.1429796218872
93.22449684143066
93.30603575706482
93.38756775856018
93.46909880638123
93.55061483383179
93.63234424591064
93.71392035484314
93.79532623291016
93.87706542015076
93.95860695838928
94.03972578048706
94.12119340896606
94.20231223106384
94.28350782394409
94.3646445274353
94.44574403762817
94.52692914009094
94.60827660560608
94.68980407714844
94.77128744125366
94.85276293754578
94.93420124053955
95.01596736907959
95.09742379188538
95.17855262756348
95.25972771644592
95.34086155891418
95.42200970649719
95.50313377380371
95.5845685005188
95.66571712493896
95.74699664115906
95.82850337028503
95.9098174571991
95.9912121295929
96.07275390625
96.15438342094421
96.23595595359802
96.31738233566284
96.39894938468933
96.48044013977051
96.56194639205933
96.64368987083435
96.72512984275818
96.80652713775635
96.88806200027466
96.96958780288696
97.05110025405884
97.13286972045898
97.21423840522766
97.29568648338318
97.37726187705994
97.4587390422821
97.54027152061462
97.62214469909668
97.70367693901062
97.78514432907104
97.86659693717957
97.94816994667053
98.02962970733643
98.11143326759338
98.19299626350403
98.27466320991516
98.35618376731873
98.43765687942505
98.51910066604614
98.6007354259491
98.68234920501709
98.76362180709839
98.8453299999237
98.92697358131409
99.00855731964111
99.08984208106995
99.17091369628906
99.25206446647644
99.333172082901
99.41431427001953
99.49559020996094
99.57685780525208
99.65801119804382
99.73951578140259
99.82111191749573
99.90268969535828
99.98422646522522
100.06583046913147
100.14740586280823
100.2289047241211
100.31037783622742
100.39198112487793
100.47333836555481
100.55469465255737
100.63632392883301
100.71780633926392
100.79940152168274
100.8808286190033
100.96225690841675
101.04373574256897
101.1253809928894
101.20687675476074
101.28846192359924
101.36985421180725
101.4513669013977
101.53294444084167
101.61473751068115
101.69616937637329
101.77766180038452
101.85926342010498
101.94085621833801
102.0222806930542
102.10419750213623
102.18565464019775
102.26704144477844
102.34855771064758
102.42997694015503
102.51148462295532
102.5931670665741
102.67459511756897
102.7560338973999
102.83749294281006
102.91903805732727
103.00047850608826
103.08212304115295
103.16385769844055
103.24522042274475
103.32672142982483
103.40811085700989
103.48951888084412
103.57110595703125
103.65280175209045
103.7343339920044
103.81575536727905
103.8974940776825
103.9790849685669
104.06016206741333
104.1414258480072
104.22253632545471
104.30366086959839
104.38474035263062
104.46586537361145
104.54748392105103
104.62942934036255
104.71168065071106
104.79306745529175
104.87424516677856
104.95537233352661
105.03652596473694
105.1179347038269
105.19907927513123
105.28022813796997
105.36181688308716
105.4436628818512
105.52517533302307
105.60670804977417
105.68829679489136
105.7698302268982
105.85127282142639
105.93259334564209
106.01407980918884
106.09586477279663
106.17759132385254
106.25931906700134
106.34085035324097
106.42202615737915
106.50318789482117
106.58455443382263
106.6656928062439
106.74670386314392
106.82769393920898
106.9087450504303
106.98979496955872
107.07134938240051
107.1530590057373
107.23421835899353
107.31544089317322
107.3965220451355
107.47753429412842
107.55854344367981
107.63973712921143
107.72084403038025
107.80193161964417
107.88303017616272
107.96441984176636
108.04584741592407
108.12759470939636
108.20909190177917
108.29052662849426
108.37203025817871
108.45353126525879
108.53494787216187
108.61664485931396
108.69817972183228
108.77970314025879
108.86133456230164
108.94294786453247
109.0243308544159
109.10599946975708
109.18745994567871
109.26882219314575
109.35014581680298
109.43161368370056
109.51317620277405
109.59476113319397